0 510 535 680 963 488 383 472 326 601 658 588 617 545 119 413 
475 0 519 414 683 700 595 149 538 182 555 265 853 836 331 704 
614 258 0 507 792 236 131 288 419 428 485 404 444 372 296 240 
304 9 184 0 692 388 283 158 226 191 141 274 439 524 340 392 
359 834 691 825 0 833 742 657 685 746 648 773 762 690 478 772 
497 22 541 436 705 0 617 171 560 204 577 287 729 657 353 722 
483 127 152 376 798 105 0 276 306 297 354 392 313 241 165 109 
326 551 576 542 807 551 446 0 389 310 533 116 759 687 182 555 
472 184 209 433 637 162 57 146 0 354 411 262 370 298 155 166 
536 241 337 232 501 573 468 390 458 0 373 506 671 709 572 577 
163 301 43 550 835 279 174 331 462 471 0 447 298 415 282 283 
210 457 482 672 910 435 330 419 273 449 684 0 643 571 66 439 
170 181 306 285 707 159 414 250 470 206 263 366 0 150 289 18 
242 144 319 135 557 231 264 293 320 56 276 409 72 0 168 90 
679 391 416 606 844 369 264 353 207 561 618 469 577 505 0 373 
374 163 288 267 689 141 396 232 452 188 245 348 204 132 300 0 
